# 500mb Hgt Analysis (RoI = 10cm)
5557.01 5508.58 5464.07 5428.86 5398.27 5375.46 5357.21 5348.34 5340.38 5336.58 5337.46 5339.05 5348.02 5356.91 5361.89 5366.52 5368.66 5373.17 5378.27 5387.10 5396.45 5408.01 5420.48 5431.62 5437.99 5441.29 5444.05
5590.39 5526.50 5473.59 5434.71 5404.69 5386.72 5373.42 5366.08 5365.72 5366.46 5370.88 5375.18 5386.68 5397.36 5406.00 5413.72 5419.93 5425.42 5435.66 5444.08 5454.85 5465.79 5475.54 5483.43 5489.57 5493.05 5495.12
5586.22 5535.98 5480.23 5435.46 5407.04 5394.18 5382.82 5378.09 5383.07 5391.39 5402.78 5415.51 5427.84 5437.90 5447.94 5458.94 5468.56 5474.86 5481.53 5491.19 5503.35 5514.65 5523.39 5531.06 5536.98 5539.75 5541.58
5597.54 5541.65 5485.40 5440.14 5408.03 5397.48 5391.94 5391.14 5398.25 5412.11 5426.14 5442.54 5460.18 5473.98 5486.40 5497.36 5507.65 5516.85 5524.08 5535.68 5547.81 5558.55 5567.36 5574.73 5580.48 5582.21 5582.33
5614.15 5548.73 5489.56 5443.84 5413.83 5400.14 5396.14 5400.14 5411.26 5426.56 5444.96 5462.77 5482.03 5502.12 5517.88 5531.50 5542.25 5552.46 5562.36 5574.38 5585.96 5596.77 5606.73 5614.70 5619.50 5620.39 5618.99
5619.70 5552.48 5492.64 5447.01 5419.87 5403.44 5399.21 5402.31 5417.19 5435.87 5458.67 5479.73 5500.12 5523.10 5543.72 5560.21 5573.42 5584.42 5596.26 5608.06 5620.24 5631.05 5641.04 5650.15 5654.16 5654.57 5651.62
5617.58 5554.51 5496.48 5453.21 5425.04 5407.76 5401.94 5406.72 5422.58 5439.89 5464.28 5490.08 5513.77 5540.45 5564.42 5584.33 5600.44 5615.34 5626.74 5638.79 5651.48 5662.50 5671.94 5680.96 5684.00 5684.01 5679.94
5628.52 5562.68 5503.91 5460.34 5431.24 5411.91 5404.00 5406.55 5422.02 5442.51 5465.86 5495.25 5522.60 5552.13 5581.23 5604.57 5625.21 5642.54 5656.36 5668.23 5680.20 5691.50 5700.83 5707.89 5709.91 5708.39 5703.45
5642.10 5573.77 5512.93 5470.58 5439.45 5418.73 5410.00 5409.99 5418.10 5437.12 5461.83 5492.99 5524.15 5558.93 5591.51 5622.01 5648.32 5667.26 5683.17 5696.74 5707.23 5718.32 5726.75 5732.50 5733.69 5731.56 5726.14
5658.12 5587.88 5528.81 5485.19 5452.81 5431.16 5419.73 5416.40 5421.25 5435.47 5459.77 5488.74 5522.66 5563.05 5601.31 5636.95 5667.50 5690.03 5707.94 5722.74 5733.84 5743.19 5750.39 5754.51 5754.91 5752.01 5745.62
5677.05 5605.26 5547.14 5503.20 5469.85 5446.56 5431.62 5425.59 5426.69 5436.46 5457.01 5486.95 5522.29 5563.88 5608.50 5648.76 5684.41 5710.83 5732.72 5747.93 5760.18 5766.35 5772.81 5774.71 5774.30 5770.80 5763.91
5701.67 5629.84 5572.12 5524.74 5490.14 5464.44 5445.79 5433.58 5432.64 5439.64 5459.60 5488.36 5524.39 5570.50 5617.88 5659.81 5696.49 5729.57 5755.80 5772.57 5783.78 5789.26 5791.70 5793.15 5792.61 5788.78 5781.85
5730.55 5661.33 5605.06 5556.59 5518.38 5486.67 5461.80 5444.85 5439.26 5445.86 5461.37 5494.96 5533.79 5580.68 5631.41 5674.95 5713.28 5746.98 5775.39 5794.29 5804.99 5809.45 5810.49 5811.43 5810.40 5809.07 5800.47
5758.53 5706.94 5650.23 5601.11 5559.97 5523.78 5491.68 5471.24 5460.38 5461.28 5475.32 5504.49 5548.67 5596.51 5648.64 5694.34 5735.06 5768.94 5794.50 5812.39 5823.39 5827.83 5827.82 5828.50 5827.07 5826.17 5820.12
5817.50 5762.17 5716.01 5664.48 5618.58 5568.06 5534.44 5510.74 5496.44 5494.57 5504.90 5527.66 5565.58 5616.68 5670.93 5716.72 5759.08 5791.74 5816.03 5831.66 5841.55 5845.26 5844.27 5844.04 5842.07 5841.54 5842.92
5890.68 5828.63 5786.77 5701.85 5647.85 5601.91 5570.60 5545.95 5531.78 5529.09 5540.49 5564.98 5598.40 5639.71 5697.48 5743.80 5786.71 5816.59 5838.64 5852.63 5860.46 5860.77 5858.96 5857.86 5855.64 5855.21 5857.49
8525.23 7765.73 5732.53 5733.82 5710.68 5645.10 5610.57 5584.51 5570.26 5568.33 5578.46 5604.02 5639.24 5678.37 5726.56 5773.01 5812.30 5839.88 5860.96 5874.07 5879.45 5874.99 5871.44 5869.70 5866.54 5866.96 5870.00
4142.79 6003.57 5916.81 5846.29 5728.27 5684.69 5657.18 5639.54 5618.78 5611.71 5624.55 5651.28 5688.22 5727.85 5763.83 5804.14 5837.62 5863.15 5884.00 5894.76 5893.57 5887.81 5880.92 5877.09 5874.16 5875.67 5879.38
nan 6160.25 6002.44 5909.15 5772.45 5704.31 5695.93 5690.56 5678.12 5668.43 5678.59 5697.76 5731.90 5767.53 5797.79 5828.20 5851.37 5879.66 5906.02 5912.74 5906.09 5893.58 5882.05 5874.32 5878.02 5880.87 5884.39
nan nan 6899.35 6725.80 5934.48 5700.93 5707.55 5734.35 5723.08 5714.33 5719.96 5736.82 5772.27 5802.86 5824.70 5840.44 5852.53 5885.69 5916.55 5927.93 5911.18 5895.28 5869.43 5868.83 5875.13 5880.68 5879.61
nan nan nan 6916.39 nan 6214.83 5707.09 5787.66 5764.57 5750.73 5756.77 5779.66 5801.64 5830.44 5845.02 5842.83 5840.44 5859.10 5927.12 5920.30 5907.07 5891.96 5831.23 5841.43 5852.23 5865.77 5882.95
