# 500mb Hgt Analysis (RoI = 20cm)
5434.65 5426.82 5415.97 5404.64 5393.18 5381.70 5371.09 5364.17 5358.86 5355.83 5355.65 5359.81 5365.85 5372.13 5379.17 5386.13 5393.69 5401.59 5409.54 5415.91 5423.91 5429.78 5434.00 5437.59 5441.22 5443.33 5443.34
5460.05 5447.83 5433.52 5418.28 5404.16 5391.94 5381.97 5375.15 5371.77 5369.94 5372.32 5379.01 5388.10 5397.78 5407.90 5417.73 5428.33 5439.70 5449.26 5458.41 5467.43 5474.28 5479.21 5483.66 5486.95 5488.00 5487.84
5487.31 5470.17 5451.74 5432.73 5414.35 5402.11 5392.22 5385.83 5383.92 5384.26 5389.55 5398.17 5408.60 5421.04 5434.02 5447.45 5460.64 5474.63 5487.94 5498.81 5508.78 5516.65 5522.75 5527.71 5530.13 5530.73 5530.33
5515.26 5491.99 5469.12 5446.28 5425.74 5411.41 5401.17 5396.53 5396.25 5399.26 5406.95 5417.02 5429.34 5443.03 5458.53 5473.83 5489.47 5506.38 5523.51 5537.02 5548.80 5557.42 5564.24 5569.12 5570.94 5571.38 5570.63
5549.00 5515.51 5485.67 5458.68 5435.64 5419.67 5410.80 5407.28 5408.34 5414.49 5423.87 5436.13 5449.96 5464.97 5481.37 5499.55 5517.31 5535.74 5556.51 5572.17 5585.39 5596.11 5602.98 5607.71 5609.62 5609.92 5608.32
5577.98 5535.62 5499.86 5469.77 5445.40 5428.81 5419.36 5417.50 5421.62 5429.16 5440.17 5454.65 5470.02 5486.42 5504.22 5523.60 5544.59 5565.85 5587.38 5605.10 5618.82 5630.19 5638.55 5643.73 5646.07 5645.49 5642.47
5603.03 5553.23 5512.07 5479.52 5453.94 5436.98 5428.04 5427.72 5433.47 5442.90 5455.91 5472.63 5489.66 5507.58 5526.56 5547.85 5571.98 5594.99 5616.59 5634.96 5649.43 5661.84 5671.02 5676.46 5679.13 5677.99 5674.27
5625.18 5568.96 5522.43 5487.30 5461.31 5444.86 5437.10 5437.45 5444.52 5455.85 5471.15 5488.71 5507.60 5527.25 5548.84 5573.01 5597.79 5622.43 5643.79 5662.28 5678.26 5691.24 5700.19 5705.98 5708.63 5707.87 5704.96
5638.36 5580.16 5532.23 5496.28 5470.16 5453.66 5446.70 5448.01 5455.60 5468.73 5486.00 5504.74 5524.48 5545.86 5570.54 5595.21 5621.27 5647.46 5668.69 5687.74 5704.85 5718.50 5727.15 5732.72 5735.15 5734.99 5733.39
5654.09 5594.39 5545.09 5506.89 5480.56 5464.08 5456.86 5458.80 5467.65 5481.91 5500.48 5520.33 5541.10 5565.53 5590.46 5615.93 5642.16 5669.63 5691.87 5711.57 5729.16 5742.77 5751.37 5756.65 5758.86 5759.52 5758.17
5675.11 5612.58 5561.24 5521.53 5493.65 5476.43 5469.57 5471.01 5480.65 5496.30 5514.89 5535.38 5558.87 5583.91 5609.24 5634.89 5661.80 5688.72 5712.10 5733.15 5750.97 5764.59 5773.30 5778.13 5780.71 5781.30 5779.87
5703.19 5636.87 5581.66 5539.65 5510.27 5491.29 5483.81 5484.88 5494.76 5511.54 5530.94 5551.48 5576.34 5601.73 5627.30 5653.67 5680.69 5706.71 5730.50 5751.75 5769.71 5783.91 5792.64 5797.36 5799.97 5800.49 5799.37
5734.58 5666.72 5607.85 5562.06 5529.97 5509.21 5500.07 5500.04 5509.54 5527.59 5547.36 5570.13 5594.92 5619.76 5645.36 5671.68 5699.04 5724.47 5748.89 5769.53 5787.08 5801.15 5809.87 5815.14 5817.88 5818.97 5818.00
5770.01 5700.44 5640.26 5589.91 5554.83 5531.75 5520.58 5519.62 5527.89 5545.74 5564.97 5590.04 5614.57 5639.04 5664.51 5690.53 5717.07 5742.34 5767.10 5787.26 5804.69 5818.80 5827.24 5832.06 5835.28 5836.34 5835.13
5810.78 5737.88 5675.60 5623.51 5584.17 5557.98 5544.29 5541.94 5548.57 5566.80 5587.00 5611.39 5635.36 5659.69 5684.73 5710.89 5735.86 5761.44 5785.56 5805.42 5822.58 5835.77 5844.12 5848.16 5850.84 5851.99 5850.60
5855.91 5779.37 5714.57 5659.89 5617.31 5587.71 5571.11 5567.05 5572.22 5589.84 5610.94 5634.71 5657.44 5681.18 5705.99 5731.21 5756.02 5781.45 5804.61 5824.76 5840.71 5853.38 5861.05 5864.35 5866.30 5866.61 5865.32
5901.24 5823.65 5755.47 5699.83 5654.44 5621.70 5601.67 5595.42 5599.01 5614.65 5636.61 5659.38 5681.33 5703.83 5727.33 5751.55 5776.09 5801.89 5824.17 5843.68 5859.14 5871.30 5877.05 5879.57 5880.43 5880.39 5878.97
5946.81 5870.56 5799.52 5741.93 5695.64 5659.23 5636.03 5627.20 5628.53 5642.91 5664.53 5685.79 5706.39 5727.69 5749.94 5772.57 5797.35 5821.87 5843.86 5861.75 5875.11 5885.61 5890.04 5891.86 5891.95 5891.45 5889.57
5989.69 5917.91 5846.78 5785.77 5737.39 5701.15 5673.41 5661.33 5660.61 5673.76 5694.82 5714.07 5732.42 5752.02 5772.69 5794.63 5818.71 5842.39 5860.57 5876.18 5888.87 5899.08 5901.34 5901.65 5901.08 5900.17 5897.67
6036.78 5963.22 5895.35 5832.05 5780.71 5743.18 5715.89 5697.79 5695.21 5706.41 5726.80 5743.23 5758.97 5776.34 5795.38 5816.59 5839.46 5858.33 5875.22 5890.54 5901.83 5909.55 5910.06 5908.93 5908.25 5906.66 5904.00
6096.74 6015.37 5942.44 5880.92 5826.56 5786.24 5758.14 5738.32 5731.29 5739.14 5758.65 5773.50 5786.26 5800.27 5817.29 5837.42 5856.32 5874.60 5889.81 5905.97 5915.82 5917.94 5916.32 5914.32 5912.99 5910.69 5908.91
